10.0,40.0,70.0,100.0,130.0,160.0,190.0,220.0,250.0,280.0,310.0,340.0
1.7303447023940014e6,1.591577167341887e6,1.2076815897879764e6,1.7306086612074042e6,1.3814470047231775e6,1.7118428540416798e6,1.7930133052700784e6,1.3767287334918724e6,1.8436163326591847e6,1.0347856890213786e6,1.856066325762683e6,1.4975679524952825e6
1.6823691209327667e6,1.0604291499469397e6,1.84914553633894e6,1.735922750683127e6,1.8597680942807538e6,1.8099571552570022e6,1.7442636521069843e6,1.2030865505093941e6,1.2059203835079796e6,1.5023218826058256e6,999502.0848271725,1.303978117321148e6
1.3483548238292476e6,1.5332575386751904e6,1.8444332245296584e6,1.8599719733421395e6,1.3139928272829927e6,1.278056715533237e6,1.2124881363686165e6,1.2139592870684352e6,1.0034118446101618e6,1.0287897056533255e6,1.8534391763524923e6,480385.62969981664
1.3449142091113837e6,1.8543677478684809e6,1.2321110910396806e6,1.647285827367179e6,1.0183827887415901e6,1.4061947302720181e6,1.2168547657241707e6,1.3816083419472324e6,1.84750789670029e6,717655.3426460105,876121.9220753984,715868.6213451705
1.7281334647652584e6,1.7246245653498778e6,1.10702171190341e6,1.674477344144729e6,1.0477056053800277e6,1.6236751616157512e6,1.786009813794187e6,837258.4870525996,1.7519313362622652e6,1.4022913788800898e6,922974.3617547515,1.745800107464705e6
1.0930924027870556e6,1.5688474072210318e6,1.0761440834234147e6,1.6405958809390443e6,1.3685521170253917e6,838653.6008254369,1.85789479144146e6,1.7437158991889313e6,1.7218483635143463e6,1.0963365374226454e6,1.8530242773141474e6,1.722406834362179e6
1.0630477829404462e6,1.5410640718844978e6,1.0818085360571574e6,838517.2941061592,1.8604370394045801e6,1.747870508350827e6,1.8447126808415083e6,1.264799572237609e6,1.8308075310930326e6,1.5682609081164275e6,1.0297155792883197e6,1.6436182801577344e6
804924.3737981501,364853.32430927356,1.8604500259941327e6,1.7478721444809102e6,1.813941517439316e6,1.852327747105359e6,532638.4755455893,1.5952303760966961e6,1.1019086589859691e6,1.6138533139792944e6,1.3365756484200442e6,747976.7929068205
1.860357266555466e6,433936.65631118783,1.860456383354129e6,1.69968371594044e6,715843.6196093169,871554.5292383009,1.7149180869683924e6,898270.7446910406,1.0603074874868365e6,1.7498291097491325e6,963895.8377207441,1.8458472143326937e6
1.860456494750417e6,151337.8423401233,1.860435066810839e6,1.8603731661682266e6,666502.1334284956,1.3114133444461518e6,1.0417336020113358e6,1.4840727818938077e6,1.561884719125042e6,623161.7523673879,1.598218229744563e6,1.61445956145017e6
1.8604564849695566e6,293402.1575025278,984327.703872058,846727.0618772047,1.753562987097584e6,815353.4340340878,1.0429826179181538e6,1.570379185618774e6,855842.9621596307,1.5142432956911775e6,1.7915309501944478e6,1.0968814168691784e6
1.8604560542394172e6,1.8349664580675142e6,1.0215720662369702e6,1.3356903371691345e6,1.0355101041189258e6,1.3079144978662021e6,1.6921633321706227e6,767087.98788812,1.852937203121884e6,1.859841618921443e6,1.8601321282803318e6,1.6370547382799569e6
1.7884261685923678e6,641997.3900382464,1.6911624433951627e6,772864.7807630709,1.0695950205566136e6,1.3382456839809816e6,818377.3824115371,762236.2952005465,613861.9289703533,1.8589987924009853e6,1.8579845214382259e6,1.4140371270789185e6
894366.4939706515,1.6397063363849663e6,957919.1380801226,1.4133581905697577e6,1.7488242192070305e6,1.0263589929196038e6,1.8589931367067797e6,1.8604553931865569e6,1.4741975731828387e6,1.8603955328464585e6,1.8526317626080492e6,1.2279523217150471e6
1.4469047142256238e6,1.1163689776367694e6,1.0266486662076426e6,1.413455989231095e6,655656.305183304,1.1827519412730802e6,883664.569546219,1.8604564899602842e6,888513.0170268189,1.8588100856040572e6,1.859939405418545e6,541665.3411889045
1.1689853151341013e6,1.4613990470147724e6,1.662856150239276e6,881908.9015758121,1.7686644063595892e6,1.856470819225788e6,215453.59522660953,1.8604564959910817e6,952021.7776333574,609719.4176863348,867948.6024612454,1.7230084151178258e6
1.2545746306894934e6,1.6701949522837156e6,660863.4995297781,1.802062721562766e6,1.8396351099051244e6,1.8604552415276596e6,610214.1511242187,1.8604563916416997e6,1.8586439508404508e6,863970.5135023703,1.2706181866950511e6,863141.4416885055
1.4249748855090027e6,848230.9031400802,1.0806142437013555e6,1.3836864392507367e6,1.7872940273785337e6,1.8604449705788663e6,536011.6849146319,1.5149329914735812e6,777935.6322880575,1.7430264670424953e6,1.2259354310417296e6,1.606409068935607e6
927953.7282462209,1.8597847852558622e6,1.8604502342447415e6,1.8380636750353095e6,1.8527356860735808e6,1.8603456110624077e6,1.6799467865935867e6,985570.2121885238,1.4748661834931313e6,960217.7483630424,1.234445832138677e6,1.7427680799170819e6
1.8604405929131708e6,1.8604564960407722e6,1.8604564960407722e6,1.8604564960407722e6,1.8604564960407722e6,1.860456496038333e6,132526.26947125446,1.4922730594958349e6,1.0314581954601733e6,1.3676670671827565e6,824371.8586869168,744388.9209348877
1.8604564960407722e6,1.8604564960407722e6,1.8604564960407722e6,1.8604564960407722e6,1.8604564960407722e6,1.7748246368732583e6,1.1130002806288083e6,613347.1193115782,1.0873294214196396e6,1.234431573624706e6,1.4472000313320372e6,1.565865079745674e6
1.8604564960407722e6,1.8604564960407722e6,1.8604564960407722e6,1.8604564960407722e6,1.8604555009498007e6,633488.4263739354,858050.626374274,743691.7491032965,1.0650357780824557e6,1.6853930334440516e6,279932.2430358314,1.8604564959279418e6
1.8604564960407722e6,1.8604564960407722e6,1.8604564960407722e6,1.8604564960407673e6,297140.5344104452,1.3603221674113362e6,1.286607189792275e6,373999.02903509093,1.088726300013789e6,1.4056332168647319e6,1.859860222499757e6,1.8604564960407722e6
1.8604564960407722e6,1.8604564960407722e6,1.8604564960407722e6,1.85296860715291e6,1.3931578724008903e6,1.0761491708209256e6,1.1277461185754954e6,579047.5784822718,1.7115269269550252e6,860906.4875673739,1.8604564960407722e6,1.8604564960407722e6
1.8604564960407722e6,1.8604564960407722e6,1.8604564868948718e6,628486.338830797,1.4077403473958008e6,609493.7520068703,1.173950051024766e6,1.3211897541061512e6,667329.3025944362,1.8604564751517815e6,1.8604564960407722e6,1.8604564960407722e6
1.8604564960407722e6,1.8604564960407722e6,999857.1485118875,1.7340746446124297e6,1.2353182370682547e6,746644.3916323683,1.2533052575124884e6,1.3099061013239662e6,1.8486869161494863e6,1.8604564960407722e6,1.8604564960407722e6,1.8604564960407722e6
1.8604564960407722e6,1.8601157570196826e6,1.3061004127604081e6,1.0038555111723366e6,926497.1913150008,1.0430804420072646e6,1.3134019805159327e6,232536.00952583287,1.860456496040759e6,1.8604564960407722e6,1.8604564960407722e6,1.8604564960407722e6
1.8604564959963476e6,223637.8664216427,1.640084766231112e6,963275.7028537969,993387.4822182145,920066.4807754838,629783.1547381136,1.8604544527304952e6,1.8604564960407722e6,1.8604564960407722e6,1.8604564960407722e6,1.8604564960407722e6
1.6373539524826505e6,1.3431597865575424e6,592007.6889831653,859700.8239732956,1.2016118687486255e6,1.1652275927508567e6,1.740187560260068e6,1.8604564960407722e6,1.8604564960407722e6,1.8604564960407722e6,1.8604564960407722e6,1.8604564960407722e6
681950.1604381631,745108.8380547664,842160.535706983,1.2874651204069122e6,1.5879449653613137e6,150147.93804286985,1.8604564960342404e6,1.8604564960407722e6,1.8604564960407722e6,1.8604564960407722e6,1.8604564960407722e6,1.8604483274784212e6
1.3113540561542525e6,1.3231078432898396e6,661261.912749295,830846.8653117466,1.0607784121582052e6,1.8603510082927987e6,1.8604564960407722e6,1.8604564960407722e6,1.8604564960407722e6,1.8604564960407722e6,1.860456496040658e6,152240.95082166302
800897.8691356378,1.4138678339419607e6,819365.1329211362,1.692577487803816e6,1.2622829685381362e6,1.8604564960407722e6,1.8604564960407722e6,1.8604564960407722e6,1.8604564960407722e6,1.8604564960407722e6,1.8329241913336017e6,1.154442969569253e6
512559.7059119004,1.3065701825678605e6,1.582129415943493e6,499751.27852677903,1.8604564943782596e6,1.8604564960407722e6,1.8604564960407722e6,1.8604564960407722e6,1.8604564960407722e6,1.8604563927159042e6,683944.6607943979,1.10610090233552e6
656643.5396408935,1.257951083885631e6,1.5023528195941814e6,1.8575851007390022e6,1.8604564960407722e6,1.8604564960407722e6,1.8604564960407722e6,1.8604564960407722e6,1.8604564960407722e6,595977.3544582869,1.5932816956430774e6,1.3227559550089908e6
647786.2510207279,1.5119751224606307e6,479735.7995611505,1.8604564960407722e6,1.8604564960407722e6,1.8604564960407722e6,1.8604564960407722e6,1.8604564960407722e6,1.8587255182257802e6,1.5079418078449839e6,1.1669235021634959e6,1.2206813197567877e6
1.0394807134723874e6,669218.3600276873,1.8604562722737151e6,1.8604564960407722e6,1.8604564960407722e6,1.8604564960407722e6,1.8604564960407722e6,1.8604564953505318e6,422857.9414700826,1.6127572906829626e6,1.0761689553581222e6,1.2794798586368924e6
1.1082259023877236e6,1.8194960192025523e6,1.8604564960407722e6,1.8604564960407722e6,1.8604564960407722e6,1.8604564960407722e6,1.8604564960407722e6,1.3785434139912184e6,1.6305469881757188e6,1.0601330916115465e6,1.1820741452930945e6,1.2033917706251706e6
133359.7059757985,1.86045649604045e6,1.8604564960407722e6,1.8604564960407722e6,1.8604564960407722e6,1.8604564960407722e6,1.8603993465736406e6,939222.5492544648,817908.159198849,1.3436538191917373e6,1.1271214502494913e6,1.3602544194588738e6
