# [ 10.  40.  70. 100. 130. 160. 190. 220. 250. 280. 310. 340.]
1.655686615056435810e+06 1.508773361970559461e+06 1.525832865554879885e+06 1.540052965517916484e+06 1.559581156407972332e+06 1.491616259903937345e+06 1.688971825425905874e+06 1.361061555016289465e+06 1.763156792915108614e+06 1.309180656396068633e+06 1.768116105395899620e+06 1.409277551368817454e+06
1.606685507105286932e+06 1.186636264404877555e+06 1.762194512745121261e+06 1.562841270062359981e+06 1.805463171878326219e+06 1.714686399298792239e+06 1.644828239476573188e+06 1.372403870200198144e+06 1.467704988280198304e+06 1.435438842867362546e+06 1.348103232644680189e+06 1.335348116529316176e+06
1.488542110913592391e+06 1.407118476200327510e+06 1.733224119338984834e+06 1.806863886181129143e+06 1.522976886664927704e+06 1.370846849800666096e+06 1.461662364165307023e+06 1.379844507754029706e+06 1.385797906463047722e+06 1.268158667472762987e+06 1.749450486767895054e+06 1.050182546500619268e+06
1.479114335792246973e+06 1.789193191430911189e+06 1.517741279146770248e+06 1.450763124555748422e+06 1.393752738447190961e+06 1.397978645454226993e+06 1.431463761389374267e+06 1.329203043340863660e+06 1.755531497363000875e+06 1.036501012452378753e+06 1.368035906885761069e+06 1.145061506566711469e+06
1.645977956434744177e+06 1.509261444411539938e+06 1.444459106585606234e+06 1.459962519817081047e+06 1.398309790914410492e+06 1.434676969687014818e+06 1.675968258834102191e+06 1.174649928870943608e+06 1.645883552946997341e+06 1.307978825595127186e+06 1.382425664462759160e+06 1.655604909075128380e+06
1.451052679369916208e+06 1.482071482569161104e+06 1.408126461259095231e+06 1.474451890546490205e+06 1.514955710523082642e+06 1.197159187736068387e+06 1.808130561289412435e+06 1.535597127642275766e+06 1.606222942491563736e+06 1.474427684067770839e+06 1.749202699992058566e+06 1.517142612057959661e+06
1.403362840272000991e+06 1.440845346281578997e+06 1.456617311615870567e+06 1.184143419602965005e+06 1.827320984180230880e+06 1.576555642180483090e+06 1.765664390343046514e+06 1.515257769578910898e+06 1.734541404119624989e+06 1.456720621138643939e+06 1.400690302568188403e+06 1.480246955963980174e+06
1.326714591511098668e+06 1.067001492538276594e+06 1.832286723206778755e+06 1.578485549387830310e+06 1.676763563495889539e+06 1.770397412022006232e+06 1.020613886663519545e+06 1.531419428360330872e+06 1.336289237357101636e+06 1.406733761899722274e+06 1.506822134029869223e+06 1.042617395819391240e+06
1.825069832460932201e+06 1.021732922464021831e+06 1.834180011035659583e+06 1.545830435918039409e+06 1.253028661702195648e+06 1.135334478904860793e+06 1.612768169424265157e+06 1.101434473801071290e+06 1.416828748312265147e+06 1.612546207321436144e+06 1.176766053579487139e+06 1.756623631891485071e+06
1.834440525873813778e+06 8.980332939054400194e+05 1.829940179531855974e+06 1.822218552662560716e+06 1.056565349843612872e+06 1.493214417034060461e+06 1.362716668461769354e+06 1.372753376058211783e+06 1.552303358797484310e+06 1.060373919096055906e+06 1.549160410258676624e+06 1.497124796498711687e+06
1.834395103068709606e+06 1.008230671392690390e+06 1.342493297545448411e+06 1.071777453042481095e+06 1.610443354016468395e+06 1.074651867999816779e+06 1.371373951932168333e+06 1.560272434203939512e+06 1.094581753486918518e+06 1.541909786730634049e+06 1.655297139665382681e+06 1.232956200121921720e+06
1.833893497407953488e+06 1.719922480770630529e+06 1.152056632436829852e+06 1.516019716837559827e+06 1.344516865942858858e+06 1.344066682728741318e+06 1.596998156567835715e+06 1.072872562935706228e+06 1.767432426454039756e+06 1.812615051169565879e+06 1.818437737000615569e+06 1.489946858630293747e+06
1.671583864752598573e+06 9.990101642686821287e+05 1.565619716383173829e+06 1.058772326398898615e+06 1.382710767915460281e+06 1.520996364029708086e+06 1.045406957572503597e+06 1.326802989512414439e+06 1.156456212061489001e+06 1.801185966221742798e+06 1.791516390987558756e+06 1.401928658606222365e+06
1.183564599559144815e+06 1.593466383817187510e+06 1.317168755222528940e+06 1.346814609498371370e+06 1.606542946211852133e+06 1.147100832148127491e+06 1.800065727849270916e+06 1.833169446407062002e+06 1.404229253904967802e+06 1.827454318415551912e+06 1.761037501506597036e+06 1.387695633359528612e+06
1.505841950678874506e+06 1.091657984386903467e+06 1.385969633429197595e+06 1.553643255892850226e+06 1.068116633836376714e+06 1.413022722912166733e+06 1.215303073697330430e+06 1.834418713435694808e+06 1.156808341239119647e+06 1.800084186479587806e+06 1.813860966179803479e+06 1.035069127085585729e+06
1.296328242242577020e+06 1.379217061064257054e+06 1.569975819587098667e+06 1.137565960430144332e+06 1.668383031916404376e+06 1.784240801972415298e+06 9.342983405338512966e+05 1.834468492926391307e+06 1.212881515033526346e+06 1.235884931724877330e+06 1.105940292097802274e+06 1.621226344146101270e+06
1.423377208815893857e+06 1.605819769685311709e+06 1.055286989850637503e+06 1.680068991374911042e+06 1.720997545575888129e+06 1.833418436964906985e+06 1.067440997917052591e+06 1.834095818885031389e+06 1.798177249798170058e+06 1.100887292793325847e+06 1.492964741823053686e+06 1.104181869183450704e+06
1.516387716047659749e+06 1.070623059147362364e+06 1.411137788771618158e+06 1.411664519271984464e+06 1.623440586908875033e+06 1.831506322390535846e+06 1.098162877031881362e+06 1.513806929935023887e+06 1.023305800365414354e+06 1.592970850900327554e+06 1.302067300784027437e+06 1.414108078994139563e+06
1.107086664842337603e+06 1.804442043996479595e+06 1.832098902569948928e+06 1.715651795790023403e+06 1.760915357735838043e+06 1.825069193991206354e+06 1.571026629369337810e+06 1.196827224022927927e+06 1.559907306760182139e+06 1.132304256231394131e+06 1.415051065794005059e+06 1.631477819978549145e+06
1.831010202208031900e+06 1.834474486699581146e+06 1.834474486699581146e+06 1.834474486699581146e+06 1.834474486699581146e+06 1.834473786618732382e+06 8.507451000475707697e+05 1.571890540872459533e+06 1.396744857925493270e+06 1.294277261428337079e+06 1.173968780308867572e+06 1.142289854024601402e+06
1.834474486692809965e+06 1.834474486699581146e+06 1.834474486699581146e+06 1.834474486699581146e+06 1.834474486699354835e+06 1.606179844938493334e+06 1.481082188768355642e+06 9.292537776599749923e+05 1.393396753600528929e+06 1.284381610083496431e+06 1.553886105271997629e+06 1.439137575551011134e+06
1.834474486699581146e+06 1.834474486699581146e+06 1.834474486699581146e+06 1.834474486699581146e+06 1.833654899315558141e+06 1.034744443143186159e+06 1.265079209814070957e+06 9.329697109512556344e+05 1.379159915309019154e+06 1.565780042489584535e+06 8.621892513160323724e+05 1.834468343181473436e+06
1.834474486699581146e+06 1.834474486699581146e+06 1.834474486699581146e+06 1.834474468054980505e+06 9.452384938819318777e+05 1.596515814000246115e+06 1.463599168762172339e+06 8.005619356851645280e+05 1.225932389315793058e+06 1.339425293954786146e+06 1.813017344677888788e+06 1.834474486699581146e+06
1.834474486699581146e+06 1.834474486699581146e+06 1.834474486699578818e+06 1.761016290093432181e+06 1.430030380670754937e+06 1.164374870157960104e+06 1.229351368773291353e+06 8.435979830235167174e+05 1.625781435861712322e+06 1.142854688407472568e+06 1.834474486054880079e+06 1.834474486699581146e+06
1.834474486699581146e+06 1.834474486699581146e+06 1.834407171861056937e+06 9.238030316183536779e+05 1.416546711695026606e+06 9.317688356742262840e+05 1.241271708612060640e+06 1.397408579960933421e+06 9.385749618507130072e+05 1.834368136295694858e+06 1.834474486699581146e+06 1.834474486699581146e+06
1.834474486699581146e+06 1.834474486398132285e+06 1.188868685243432177e+06 1.624015580953099998e+06 1.389848584762371378e+06 9.627423508950436953e+05 1.411291126067996724e+06 1.437329533608295955e+06 1.743675726631591562e+06 1.834474486699578818e+06 1.834474486699581146e+06 1.834474486699581146e+06
1.834474486699581146e+06 1.818219972407341469e+06 1.311254801007498987e+06 1.281429907411862863e+06 1.112157275563011644e+06 1.161266079408530146e+06 1.592918908127945149e+06 9.196674334149978822e+05 1.834474450395825319e+06 1.834474486699581146e+06 1.834474486699581146e+06 1.834474486699581146e+06
1.834470895808684407e+06 8.562113371532618767e+05 1.556008040288408520e+06 1.229282506171730347e+06 1.132548754578841617e+06 1.205772823135640239e+06 1.057265048367727781e+06 1.833273120447293622e+06 1.834474486699581146e+06 1.834474486699581146e+06 1.834474486699581146e+06 1.834474486699581146e+06
1.483683151805709582e+06 1.534402305644297739e+06 1.019434223724703537e+06 1.217897556287435349e+06 1.427436189600373153e+06 1.496204653835840989e+06 1.569579824268229073e+06 1.834474486699015368e+06 1.834474486699581146e+06 1.834474486699581146e+06 1.834474486699581146e+06 1.834474486696718959e+06
1.112728938269993523e+06 1.222101675004209625e+06 9.972751870752491523e+05 1.353868984051997075e+06 1.581973506940173917e+06 8.490529791668239050e+05 1.834473237921681721e+06 1.834474486699581146e+06 1.834474486699581146e+06 1.834474486699581146e+06 1.834474486699581146e+06 1.832024830415546196e+06
1.579639318791517755e+06 1.440694042931390926e+06 8.339767047633189941e+05 1.169501033086693147e+06 1.243954711641599890e+06 1.825425204817865975e+06 1.834474486699581146e+06 1.834474486699581146e+06 1.834474486699581146e+06 1.834474486699581146e+06 1.834474365329300519e+06 8.780105037125803065e+05
9.927152771356774028e+05 1.408138195256467909e+06 1.028658524239300285e+06 1.606217314894637093e+06 1.291686226459698519e+06 1.834474486628871178e+06 1.834474486699581146e+06 1.834474486699581146e+06 1.834474486699581146e+06 1.834474486699566944e+06 1.698819385996870929e+06 1.450453149410416838e+06
7.018455318239083281e+05 1.402150832559396978e+06 1.502928005593210924e+06 8.938866459578264039e+05 1.834447485388142522e+06 1.834474486699581146e+06 1.834474486699581146e+06 1.834474486699581146e+06 1.834474486699581146e+06 1.834226942723087035e+06 9.741050474604547489e+05 1.328283281259921147e+06
8.421470686929418007e+05 1.321485140502150171e+06 1.406100770066065248e+06 1.788214241344299633e+06 1.834474486699581146e+06 1.834474486699581146e+06 1.834474486699581146e+06 1.834474486699581146e+06 1.834474484171250602e+06 1.051472050616952823e+06 1.618917458966709208e+06 1.502913409227728611e+06
9.015064083338320488e+05 1.612461929581920383e+06 1.014043167703871382e+06 1.834474481544352137e+06 1.834474486699581146e+06 1.834474486699581146e+06 1.834474486699581146e+06 1.834474486699581146e+06 1.798246835667856270e+06 1.389079374697907828e+06 1.280624840245008934e+06 1.459117485264533199e+06
1.285830928867025534e+06 9.918821944355490850e+05 1.834097987790891901e+06 1.834474486699581146e+06 1.834474486699581146e+06 1.834474486699581146e+06 1.834474486699581146e+06 1.834458053194466280e+06 8.828691053646621294e+05 1.503077586821618257e+06 1.177931478310422739e+06 1.463904125755483285e+06
1.458105786302735098e+06 1.672074706501584500e+06 1.834474486699540634e+06 1.834474486699581146e+06 1.834474486699581146e+06 1.834474486699581146e+06 1.834474486668115016e+06 1.339834145869426429e+06 1.592274461766782682e+06 1.204356823619536357e+06 1.341252532689681044e+06 1.462146195477105677e+06
8.651277154982415959e+05 1.834474260670064483e+06 1.834474486699581146e+06 1.834474486699581146e+06 1.834474486699581146e+06 1.834474486699581146e+06 1.827848479318945436e+06 1.210661621466725832e+06 1.231980010235558264e+06 1.353807812519711442e+06 1.291202950711913407e+06 1.585709057897906285e+06
