FLOWFarm
864812.7592301398
861781.8677892423
893969.7986487548
1.3897598050379243e6
886705.6429210185
1.3914275443967953e6
894343.892438633
850436.0503950507
1.1182105727939424e6
1.2341756511968863e6
1.6232189580496456e6
1.7975071557885676e6
1.8344283688014243e6
1.8344714342959572e6
1.8344280016363554e6
1.7973041483189533e6
1.6240183967390046e6
1.2341596407547006e6
1.116979482594812e6
840050.3783825181
916223.824244419
1.0555688658933004e6
1.6168503892116598e6
907613.158693869
1.7759500622309865e6
1.8344744766797228e6
1.8344744866995814e6
1.8344744866995814e6
1.8344744866995814e6
1.8344744866995814e6
1.8344744866995814e6
1.8344744866995814e6
1.834474476985209e6
1.775828339902568e6
908858.0956558728
1.6170857207646107e6
1.0548066744608958e6
916389.780639816
