# [ 10.  40.  70. 100. 130. 160. 190. 220. 250. 280. 310. 340.]
1.430953226865670178e+06 1.604280452238805825e+06 1.675595268656716449e+06 1.414124910447761184e+06 1.821598014925373020e+06 1.357549697014924604e+06 1.595035697014926001e+06 1.698490059701492079e+06 1.483029014925373485e+06 1.863925776119403075e+06 1.287201119402983924e+06 1.765562059701492544e+06
1.044845785074626096e+06 1.272415905970149208e+06 1.539928085074626375e+06 1.476516225373134483e+06 1.854728910447761184e+06 1.955299716417910531e+06 1.975390850746268639e+06 1.993964373134328285e+06 1.967634194029850652e+06 1.845445805970149115e+06 1.857801985074626748e+06 1.750814522388057550e+06
1.572784471641791519e+06 1.498598437313433038e+06 1.629055677611940308e+06 1.918713328358208761e+06 1.972036432835821062e+06 1.996119283582089469e+06 1.956836955223880475e+06 1.851351716417910531e+06 1.833837044776119525e+06 1.836744656716417987e+06 1.269459431343280943e+06 1.220820013432831271e+06
1.767841835820895620e+06 1.962210432835820829e+06 2.014640552238805918e+06 1.979717716417910531e+06 1.961988820895522367e+06 1.846206820895522367e+06 1.819607940298507456e+06 1.810578985074626980e+06 9.770598059701420134e+05 1.585649805970149115e+06 1.550195855223880382e+06 1.385277629850747995e+06
1.969560164179104613e+06 1.966076223880597157e+06 1.947567507462686626e+06 1.843166611940298462e+06 1.816810462686567334e+06 1.733668641791044502e+06 1.399152238805969479e+06 1.487256788059701677e+06 1.570014555223881733e+06 1.124608538805966964e+06 1.927220507462686626e+06 1.981113402985074557e+06
1.989241283582089702e+06 1.823589716417910531e+06 1.806958179104477633e+06 1.775145925373134436e+06 1.178699355223877821e+06 1.442117940298507223e+06 1.399805094029851956e+06 1.616843308955223998e+06 1.885258104477612069e+06 1.519107343283579685e+06 2.011987537313432666e+06 1.995452746268656803e+06
1.781321119402985089e+06 1.856274716417910531e+06 1.492004380597015144e+06 1.212363849253732245e+06 1.275999295522386674e+06 1.244813555223884294e+06 1.943717582089552190e+06 1.881009567164179171e+06 1.966634970149253728e+06 1.699113143283582060e+06 1.751548026865671156e+06 1.870587567164179171e+06
1.663101492537313374e+06 1.816652970149253728e+06 1.895249074626865564e+06 1.629298134328358108e+06 1.226372137313430663e+06 1.303468944776121061e+06 1.227540804477604339e+06 1.451511598507461837e+06 1.404559804477612488e+06 1.961625417910447810e+06 1.893397417910447810e+06 1.622640611940298462e+06
1.766464268656716449e+06 1.735055701492537279e+06 1.725024567164179171e+06 1.210951156716418453e+06 1.046665334328366909e+06 1.302633019402989885e+06 1.435422473134327913e+06 1.856070208955223905e+06 1.735488880597014911e+06 1.792026388059701538e+06 1.929701328358208993e+06 1.915970985074626980e+06
1.903916746268656570e+06 1.603907844776119338e+06 1.222204349253731314e+06 1.091495286567164585e+06 1.275646914925370598e+06 1.167900177611936582e+06 1.744165591044775909e+06 1.927020402985074790e+06 1.880352731343283551e+06 1.370560725373134017e+06 1.945648761194029823e+06 1.236073440298506757e+06
1.730373791044776328e+06 1.249790555223878706e+06 1.348716613432835788e+06 1.281182329850744689e+06 1.386689188059702050e+06 1.801752955223880708e+06 1.675057910447761184e+06 1.781486432835821062e+06 1.926395492537313374e+06 1.868207701492537279e+06 1.713349447761194082e+06 1.300736450746271061e+06
1.242820822388060158e+06 1.311453756716417614e+06 1.119360731343279826e+06 1.278808782089553075e+06 1.837575486567164073e+06 1.949405955223880708e+06 1.878984388059701538e+06 1.623340298507462721e+06 1.486451000000000466e+06 1.809696253731343197e+06 1.896525268656716449e+06 1.660338955223880708e+06
1.146439228358206805e+06 1.118044989552243613e+06 1.324758232835820410e+06 1.816464164179104613e+06 1.654080632835820084e+06 1.938590373134328285e+06 1.953356985074626980e+06 1.894967880597014911e+06 1.758749537313432898e+06 1.636346940298507456e+06 1.798675059701492544e+06 1.245659625373134622e+06
1.262469404477611883e+06 1.179766174626862165e+06 1.881068594029850559e+06 1.891205805970149115e+06 1.869643000000000000e+06 1.483909134328358341e+06 1.604068970149253728e+06 1.827514955223880708e+06 1.886648940298507456e+06 1.637156588059701258e+06 1.276755785074626794e+06 1.131629883582090260e+06
1.333933908955219667e+06 1.802034417910447810e+06 1.721488373134328518e+06 1.968858761194029823e+06 1.937383880597014911e+06 1.893133701492537279e+06 1.757185059701492544e+06 1.664749432835820829e+06 1.640541268656716449e+06 1.505269526865672553e+06 1.174515905970144318e+06 1.308290086567162536e+06
1.803760076119402889e+06 1.922916701492537512e+06 1.863346208955223905e+06 1.579333910447761184e+06 1.629044074626865797e+06 1.811405149253731361e+06 1.873601417910447810e+06 1.679194283582089702e+06 1.103599395522382809e+06 1.231041279104480054e+06 1.189118647761198692e+06 1.170721123880590079e+06
1.680472067164178705e+06 1.900615970149253728e+06 1.920396865671641659e+06 1.898445283582089702e+06 1.764415358208955266e+06 1.669438716417910531e+06 1.749477238805969944e+06 1.214044946268659085e+06 1.312218322388056666e+06 1.218156161194031360e+06 1.430183886567164445e+06 1.799546238805970177e+06
1.877207865671641659e+06 1.589585925373134436e+06 1.584677014925373252e+06 1.812917462686567102e+06 1.874073761194029823e+06 1.695161223880596925e+06 1.212291765671639936e+06 1.277717843283578521e+06 1.642659846268656896e+06 1.141198031343284994e+06 1.805624807462686440e+06 1.911748223880596925e+06
1.915391925373134436e+06 1.910182014925373020e+06 1.755147805970149115e+06 1.697025910447761184e+06 1.702296343283582013e+06 1.239150847761190496e+06 1.008815132835826953e+06 1.192318208955227165e+06 1.373394152238808805e+06 1.734828402985074790e+06 1.705623328358208993e+06 1.862099194029850652e+06
1.811375910447761184e+06 1.788272776119403075e+06 1.066912023880597902e+06 1.018506474626867683e+06 1.082884359701491194e+06 1.208308034328356618e+06 1.472692237313433550e+06 2.800601417910459568e+05 1.951142432835821062e+06 1.841548477611940354e+06 1.916798477611940354e+06 1.673521522388059879e+06
1.865392776119402843e+06 2.746346402985035093e+05 1.096332085074634990e+06 9.739051208955247421e+05 1.330863873134327820e+06 8.143854388059709454e+05 9.844592656716379570e+05 1.408954974626865704e+06 1.830685283582089702e+06 1.896199656716417754e+06 1.872672014925373020e+06 1.774067537313432898e+06
1.173687810447762487e+06 1.107782641791050788e+06 1.442931574626865331e+06 9.994272134328340180e+05 1.298008094029852189e+06 1.579950935820894549e+06 1.606123737313432852e+06 1.838614865671641892e+06 1.823675119402985089e+06 1.888547582089552190e+06 1.793979283582089469e+06 1.793980865671641892e+06
1.608997885074626654e+06 1.430017756716417847e+06 1.092634119402982993e+06 1.336177747761193663e+06 1.171918382089546183e+06 1.106064049253730802e+06 1.903944492537313374e+06 1.810591582089552190e+06 1.877674253731343197e+06 1.830800835820895620e+06 1.750772343283582246e+06 1.885281298507462721e+06
9.650705985074685887e+05 9.554715029850782594e+05 1.163690358208959689e+06 1.208988944776114309e+06 1.293609685074626934e+06 1.847091402985074557e+06 1.849385940298507456e+06 1.888488507462686626e+06 1.799621402985074557e+06 1.696751253731343197e+06 1.828265537313432898e+06 1.768885194029850652e+06
1.442835862686568173e+06 1.076773319402987603e+06 1.010204473134321510e+06 1.644278149253730662e+06 1.392513501492538722e+06 1.892855626865671715e+06 1.800131820895522367e+06 1.863066402985074557e+06 1.752725850746268639e+06 1.765073731343283551e+06 1.845754164179104380e+06 1.522141228358209133e+06
1.169078834328355500e+06 1.396769301492537139e+06 1.134115967164180009e+06 1.217692549253730802e+06 1.874823104477611836e+06 1.830251447761193849e+06 1.877737776119402843e+06 1.845346582089552190e+06 1.745797537313432898e+06 1.890474701492537512e+06 1.416460667164179264e+06 1.516645777611939935e+06
1.242185886567166075e+06 1.160351183582091006e+06 1.578208408955223626e+06 1.524339625373134157e+06 1.842497388059701538e+06 1.809784820895522367e+06 1.863098940298507456e+06 1.700838417910447810e+06 1.840802283582089469e+06 1.798072298507462721e+06 9.993948074626848102e+05 9.451883432835787535e+05
1.072191816417906666e+06 1.560728065671643475e+06 1.396405238805970177e+06 1.828401477611940121e+06 1.818522671641791007e+06 1.861992731343283551e+06 1.757114447761194082e+06 1.763804537313432666e+06 1.857280970149253728e+06 1.347070916417910252e+06 1.560552064179101028e+06 1.334164140298506944e+06
1.187831268656720407e+06 1.254340394029851072e+06 1.920601686567164259e+06 1.802003119402985089e+06 1.855652089552238816e+06 1.834017328358208993e+06 1.738168597014925443e+06 1.872501522388059879e+06 1.530844832835820969e+06 1.479495188059701817e+06 1.039082735820892849e+06 1.006325326865676441e+06
1.576341022388059413e+06 1.689424522388059879e+06 1.857632567164179171e+06 1.802089447761193849e+06 1.872569895522388164e+06 1.695203373134328285e+06 1.846274238805970177e+06 1.800643537313432898e+06 1.173817262686568778e+06 1.054388216417909833e+06 1.060842098507464165e+06 1.139173243283581221e+06
1.431707025373133831e+06 1.829973402985074790e+06 1.802256582089552190e+06 1.840403985074626980e+06 1.712003029850746272e+06 1.745266373134328518e+06 1.860822731343283551e+06 1.430403588059702422e+06 1.624446982089552330e+06 9.690437119403047254e+05 9.317883611940343399e+05 1.718514776119403075e+06
1.881497686567164259e+06 1.821579955223880708e+06 1.878348850746268639e+06 1.859980074626865564e+06 1.747817343283582013e+06 1.874826940298507456e+06 1.577913762686566915e+06 1.603745897014925256e+06 9.989630477611983661e+05 1.294784122388065793e+06 1.113682513432833366e+06 1.189534297014923766e+06
1.837777791044776328e+06 1.813619164179104380e+06 1.862082970149253728e+06 1.703952656716417987e+06 1.836206686567164026e+06 1.803058417910447810e+06 1.217100344776120503e+06 1.028476671641790075e+06 1.247999746268658433e+06 9.708356417910367018e+05 1.522528670149253681e+06 1.613970311940298649e+06
1.841216567164179171e+06 1.855018029850746272e+06 1.715819507462686393e+06 1.758476865671641659e+06 1.854888358208955266e+06 1.318390422388058156e+06 1.492319737313432619e+06 1.001954131343287998e+06 1.242185485074628145e+06 1.638955835820895620e+06 1.409619797014926560e+06 1.867508149253731361e+06
1.880761447761193849e+06 1.844936029850746272e+06 1.743991447761194082e+06 1.883200582089552190e+06 1.521894326865671668e+06 1.621439228358209599e+06 9.800509149253794458e+05 1.072806471641785465e+06 1.155439319402992260e+06 1.130078062686565798e+06 1.878851492537313374e+06 1.835863641791044734e+06
1.858624925373134436e+06 1.677237776119402843e+06 1.851601044776119292e+06 1.746550388059701305e+06 1.181590295522387838e+06 1.012500102985076024e+06 1.209907710447759833e+06 1.122583664179101121e+06 9.951366791044704150e+05 1.597727289552239003e+06 1.881248462686567102e+06 1.836975492537313374e+06
1.711835835820895387e+06 1.742466223880596925e+06 1.869145835820895620e+06 1.371393382089549676e+06 1.498702591044776840e+06 1.026438773134332034e+06 1.022316758208958083e+06 1.636565513432835927e+06 1.314537656716421247e+06 1.875158253731343430e+06 1.832209582089552190e+06 1.856753880597014911e+06
1.734102417910447577e+06 1.882421223880596925e+06 1.604066388059701538e+06 1.493666917910445714e+06 1.183387846268654102e+06 1.282361565671637189e+06 1.117459370149255963e+06 1.194843341791041894e+06 1.926957970149253728e+06 1.839442910447761184e+06 1.859430119402985089e+06 1.817850925373134203e+06
