10.0,40.0,70.0,100.0,130.0,160.0,190.0,220.0,250.0,280.0,310.0,340.0
1.6524363796437278e6,1.4949081671177954e6,1.5767776142378186e6,1.514572153930464e6,1.5963342030435558e6,1.4749015506557696e6,1.6768808845006172e6,1.3919867491416398e6,1.7327173765541718e6,1.3648616818632286e6,1.7325565407287008e6,1.4204358237778132e6
1.6099315129470262e6,1.2541335059893888e6,1.7395358010649988e6,1.5477054478690804e6,1.7767522577691248e6,1.7037724008299878e6,1.6373929954409827e6,1.4113814436015638e6,1.5016626812267099e6,1.4331301334627904e6,1.4237717844220456e6,1.3717342508284035e6
1.5403088129612838e6,1.4192376507614532e6,1.7035856488096113e6,1.777429150303254e6,1.5627110882742633e6,1.4111000651283616e6,1.5068974343576662e6,1.4057820905119113e6,1.4610457737617486e6,1.3246773029540398e6,1.7141358630196918e6,1.1723921781114915e6
1.5234080250310448e6,1.7617012965048482e6,1.5628539844334188e6,1.448100366613258e6,1.4667420902124112e6,1.4140228700455588e6,1.4809371222643116e6,1.3561298740729732e6,1.7240586576308752e6,1.1395043765774495e6,1.4633387038082778e6,1.2433028003584405e6
1.6367082412856114e6,1.4872534943126033e6,1.4815795558682359e6,1.4422616230810184e6,1.4651401138747276e6,1.422460940923652e6,1.6626332013098795e6,1.2509707970950082e6,1.6427338943402546e6,1.3435322000960894e6,1.4650992879487835e6,1.6546597463676948e6
1.4823928741084056e6,1.4596029684789062e6,1.4540725214317734e6,1.4545225251270048e6,1.5536557942971624e6,1.2783442665190191e6,1.7852972275991123e6,1.5184013259031998e6,1.606504161677234e6,1.5477106446838642e6,1.7065031217862167e6,1.4879352134732767e6
1.4561026557216824e6,1.4380303024016283e6,1.521299663656575e6,1.2695968856891782e6,1.8087916654814726e6,1.5674029089736184e6,1.738509466286103e6,1.5741255157617943e6,1.6990340364772019e6,1.4574367546133355e6,1.4568565712387091e6,1.455056285555497e6
1.4294029612641924e6,1.1970299282063693e6,1.820860547048515e6,1.5731744722872216e6,1.6596833182894408e6,1.7477375155485363e6,1.143148067884678e6,1.5501716306309237e6,1.4450393012091897e6,1.3830833199780225e6,1.5388383997629383e6,1.1475261856361632e6
1.8084437818906626e6,1.1349081103086784e6,1.8244882669512942e6,1.5475886399651417e6,1.3605933054176134e6,1.2135682157720835e6,1.6037311672585113e6,1.1787252087635736e6,1.4500384466130661e6,1.6000129688125202e6,1.2072679721501824e6,1.7355428437389391e6
1.8252233449551798e6,1.0328817671792547e6,1.8161183394009953e6,1.8013265691309567e6,1.1543805822109417e6,1.5322176185412318e6,1.41615552934061e6,1.3692412278982804e6,1.557813894232531e6,1.1457703239290873e6,1.57113916691678e6,1.510890361115611e6
1.8251037991592565e6,1.139212492048915e6,1.4280949864543772e6,1.1427137457939205e6,1.5993599899434994e6,1.1679366548636323e6,1.4109206766596565e6,1.5750413778224704e6,1.1661727264911616e6,1.577360086320705e6,1.643588834511142e6,1.2945320261858166e6
1.8238074366639904e6,1.698865049906601e6,1.212604239525265e6,1.5593157913574537e6,1.3891805553485504e6,1.3560876294890568e6,1.5817952899536754e6,1.151421712486463e6,1.7401714248415008e6,1.7931257041072382e6,1.8005839968592925e6,1.4997248345390789e6
1.6639676876438993e6,1.1193460930125662e6,1.5678501750461957e6,1.1501699318200122e6,1.4090382374410105e6,1.5585556111272825e6,1.130847976511621e6,1.4334268056511856e6,1.2661371039262235e6,1.780591087748083e6,1.7700731726332456e6,1.4391961127034307e6
1.2546125400611558e6,1.5958595956937675e6,1.417976431779348e6,1.3560067686379463e6,1.575550703276285e6,1.1912863546099192e6,1.7734844219693288e6,1.8216993652887517e6,1.4330737193076666e6,1.8130140717134157e6,1.73776011612987e6,1.448351775799826e6
1.5355673500075638e6,1.179469493171069e6,1.4307490040391656e6,1.58086431558099e6,1.1568242197120835e6,1.4813840552882338e6,1.3002451145987883e6,1.8251738658041337e6,1.2340316330802434e6,1.77771979626658e6,1.7919347837490179e6,1.1401263774953054e6
1.4242152641728972e6,1.3766459203598343e6,1.5552987605968863e6,1.2056847474116145e6,1.6667418027084672e6,1.7605847832165929e6,1.0645871528895616e6,1.8253464753216302e6,1.2889275563234957e6,1.3539343856821833e6,1.1720101598871034e6,1.6100790962600939e6
1.4401732177062714e6,1.604577158088118e6,1.1425654515349104e6,1.666997484438e6,1.6986517329060838e6,1.8227442826492419e6,1.1659471512277685e6,1.824088637208671e6,1.7737953895195373e6,1.1812366337521174e6,1.5387494875022215e6,1.1984828261180322e6
1.529692016547147e6,1.1358904722673076e6,1.4900107043374735e6,1.453903390548711e6,1.6112999153004286e6,1.8195534139531965e6,1.2102062828184501e6,1.5469568602562703e6,1.1156021219739765e6,1.583136301384838e6,1.428189961916882e6,1.392309222082306e6
1.1698704166726968e6,1.776088831102438e6,1.8200258578299745e6,1.694074703737103e6,1.737468912259802e6,1.8097775857258053e6,1.578935447765828e6,1.2410150376760557e6,1.5823118119017838e6,1.1918997574140232e6,1.440555519834767e6,1.6175396407259975e6
1.8188044246010827e6,1.8253847966609164e6,1.8253847966609164e6,1.8253847966609164e6,1.8253847966609164e6,1.8253797174529103e6,974367.8450187239,1.590177925510598e6,1.458066006001793e6,1.302978724873233e6,1.2500278271957801e6,1.2281246824287951e6
1.825384796400642e6,1.8253847966609164e6,1.8253847966609164e6,1.8253847966609164e6,1.8253847966468232e6,1.5962268054182818e6,1.5349679095720595e6,1.1109939597224426e6,1.4302430858727498e6,1.3236517733082636e6,1.5836531402357924e6,1.457432895968673e6
1.8253847966609164e6,1.8253847966609164e6,1.8253847966609164e6,1.8253847966609164e6,1.8234174738988376e6,1.140994408161428e6,1.3548603243995665e6,1.012546637356334e6,1.4341490728684766e6,1.5660769232730123e6,975601.0917210553,1.8253533116697115e6
1.8253847966609164e6,1.8253847966609164e6,1.8253847966609164e6,1.8253845621998282e6,1.060682865047735e6,1.627464708631146e6,1.4975138745773812e6,934053.4001911405,1.2945694845222873e6,1.3732391608192804e6,1.7947103176261766e6,1.8253847966609152e6
1.8253847966609164e6,1.8253847966609164e6,1.8253847966608035e6,1.7380715614298328e6,1.463473982350531e6,1.2385359417814638e6,1.3498779522200737e6,1.0652573745081765e6,1.6311503782567296e6,1.22042852889837e6,1.8253847836036729e6,1.8253847966609164e6
1.8253847966609164e6,1.8253847966609164e6,1.825145060412089e6,1.0324331649596369e6,1.4452873218228766e6,1.033478021146486e6,1.3696891874336863e6,1.4300178740835697e6,1.0473376188766357e6,1.8250356042033094e6,1.8253847966609164e6,1.8253847966609164e6
1.8253847966609164e6,1.8253847897175224e6,1.2565112399769328e6,1.6289892782349356e6,1.4158888506838724e6,1.0785417525099032e6,1.445781474457765e6,1.4759406088851264e6,1.7212346512625818e6,1.8253847966606442e6,1.8253847966609164e6,1.8253847966609164e6
1.8253847966609164e6,1.800993848042795e6,1.351226358341362e6,1.3338095253185646e6,1.2644121452334763e6,1.2133827883064419e6,1.6258732964848157e6,1.0393167649173156e6,1.8253843898027507e6,1.8253847966609164e6,1.8253847966609164e6,1.8253847966609164e6
1.8253645629742586e6,971985.2800122399,1.5572692788058291e6,1.3130970762074303e6,1.2751809775810237e6,1.2795840126506998e6,1.1605685923608022e6,1.822690220827663e6,1.8253847966609164e6,1.8253847966609164e6,1.8253847966609164e6,1.8253847966609164e6
1.4932792209959181e6,1.572487756073847e6,1.1686430326538752e6,1.3180952394171595e6,1.4449588627395174e6,1.546787399405125e6,1.5654667562887522e6,1.8253847966306e6,1.8253847966609164e6,1.8253847966609164e6,1.8253847966609164e6,1.8253847965341292e6
1.2060720835024924e6,1.3282484577762652e6,1.1087895615120789e6,1.400445537330492e6,1.595263685675253e6,970615.0208461359,1.8253766120859082e6,1.8253847966609164e6,1.8253847966609164e6,1.8253847966609164e6,1.8253847966609164e6,1.8204378914407517e6
1.6104649996009944e6,1.4828450363977465e6,993352.126993613,1.2594105615600364e6,1.301183673541111e6,1.8105899504791794e6,1.8253847966609152e6,1.8253847966609164e6,1.8253847966609164e6,1.8253847966609164e6,1.8253836457181398e6,1.0028775095547496e6
1.148800490002821e6,1.46077648262331e6,1.1601220751217317e6,1.614001996490962e6,1.3386533407143063e6,1.8253847946991427e6,1.8253847966609164e6,1.8253847966609164e6,1.8253847966609164e6,1.8253847966595527e6,1.678464858993913e6,1.5001005415833348e6
945845.3791966088,1.4603290445641892e6,1.5096211348119348e6,1.0031042405092294e6,1.825274906446007e6,1.8253847966609164e6,1.8253847966609164e6,1.8253847966609164e6,1.8253847966609164e6,1.8246668808246525e6,1.0832728164351934e6,1.3881186409669276e6
1.0133143374286707e6,1.3681209938587681e6,1.432493049542414e6,1.7666267003689928e6,1.825384796660896e6,1.8253847966609164e6,1.8253847966609164e6,1.8253847966609164e6,1.8253847539113108e6,1.1472921291978187e6,1.6348847645922902e6,1.5096289426400324e6
1.10306317720599e6,1.6336725403150544e6,1.1173725766712686e6,1.8253847195010553e6,1.8253847966609164e6,1.8253847966609164e6,1.8253847966609164e6,1.8253847966609092e6,1.7773970757814506e6,1.4155595790340875e6,1.3128036469387654e6,1.5061215333036163e6
1.345843691035301e6,1.1005400006312511e6,1.8243713178263218e6,1.8253847966609164e6,1.8253847966609164e6,1.8253847966609164e6,1.8253847966609164e6,1.8253117597392655e6,992845.8508578404,1.5069291273590028e6,1.2673294384461164e6,1.498686816219807e6
1.511132359392966e6,1.6546135885961654e6,1.8253847966578347e6,1.8253847966609164e6,1.8253847966609164e6,1.8253847966609164e6,1.825384795661471e6,1.376710866645583e6,1.6069479799975185e6,1.2904946726835128e6,1.381515548756497e6,1.4908752631917056e6
990765.3115923435,1.8253828734740205e6,1.8253847966609164e6,1.8253847966609164e6,1.8253847966609164e6,1.8253847966609164e6,1.8139427530074893e6,1.277871195649004e6,1.3217912718454879e6,1.3744874756745093e6,1.3467261810857558e6,1.6108914671196337e6
