10.0,40.0,70.0,100.0,130.0,160.0,190.0,220.0,250.0,280.0,310.0,340.0
1.5126022060311153e6,1.5826916516262693e6,1.6221144323179997e6,1.644667789316973e6,1.5444208334845335e6,1.5282962690978968e6,1.6089059500865994e6,1.5250733071844513e6,1.581353244477952e6,1.515979586952796e6,1.5367435261559945e6,1.613844386959963e6
1.4620280612433667e6,1.4427397397999687e6,1.5345577010540364e6,1.7417421693730874e6,1.770492939364738e6,1.8204619577717306e6,1.806084009202597e6,1.8163317734235546e6,1.8190058904108363e6,1.7722038409120305e6,1.7415389067905734e6,1.4659925906829932e6
1.4194743093116928e6,1.6462392347361853e6,1.4431310591139055e6,1.8048416287364108e6,1.7989249806794748e6,1.8153810529545117e6,1.8193758176696282e6,1.7718367927708328e6,1.7048577791293818e6,1.4577780389709263e6,1.475204467039064e6,1.5079059719394797e6
1.7549049117001975e6,1.821511316431287e6,1.431764812245177e6,1.4601022389361605e6,1.8220969470985432e6,1.754436639812118e6,1.7574253026789285e6,1.3987425073140485e6,1.5075217556177825e6,1.4826243002464063e6,1.4141338562692383e6,1.7536940612434973e6
1.815172813365572e6,1.8000273203802942e6,1.8051532220478829e6,1.3873877336338912e6,1.6516910799669349e6,1.4358309458290006e6,1.4973067776008828e6,1.4586160792013654e6,1.4775835219882329e6,1.7022482401490575e6,1.777028924469447e6,1.8184992843205219e6
1.820731966777594e6,1.7621439634686217e6,1.7281441513821702e6,1.5048899561164528e6,1.4456649559272102e6,1.4935360848633503e6,1.4360465082926836e6,1.7307005061676514e6,1.7660461572678057e6,1.820752723917163e6,1.8155375096469643e6,1.8091505927882798e6
1.7118718814791276e6,1.4257303003670115e6,1.5228437551318277e6,1.544760088917795e6,1.4228220332795815e6,1.7235672886895132e6,1.7712562281889934e6,1.820436305392215e6,1.8092006731145899e6,1.8132558313055583e6,1.819535305664211e6,1.776799818709272e6
1.598367150692762e6,1.6929338661834695e6,1.506091161143754e6,1.3678359828600893e6,1.3653813716503475e6,1.4907574385933068e6,1.689781421654094e6,1.6069982356497543e6,1.7710421815623546e6,1.8224759711385032e6,1.8224137218324258e6,1.7828164287893057e6
1.6086789681766743e6,1.4299450257704414e6,1.449831058446588e6,1.4483608961884675e6,1.4271242462048826e6,1.5950962549568852e6,1.8189404130798941e6,1.7979627827760475e6,1.6403346920093973e6,1.6015309362980393e6,1.7889770641945e6,1.8200636651139942e6
1.4788110212247942e6,1.360475476038613e6,1.3850057547199342e6,1.5167974371481743e6,1.6983825064034814e6,1.6170196809143778e6,1.7945929336725078e6,1.8221960969346326e6,1.822361769838038e6,1.7835367550442575e6,1.5971859029327945e6,1.710986993992083e6
1.436067041684976e6,1.4401939098148276e6,1.3689917393998678e6,1.5586466406659894e6,1.819516347433097e6,1.80140702180361e6,1.616773032630646e6,1.666709470385749e6,1.8020962100085928e6,1.8189067019713223e6,1.587364786451578e6,1.44832840553346e6
1.4240541902449187e6,1.447144944689692e6,1.6175275512956313e6,1.6080865955656678e6,1.7768999695884925e6,1.8224565371028173e6,1.8219812679635878e6,1.800756343961448e6,1.6257735664414547e6,1.7183414336506622e6,1.4840236619732394e6,1.4085300016497765e6
1.5138250070007718e6,1.352891922967328e6,1.8209885050475865e6,1.7802414764661307e6,1.6165133828576375e6,1.6532216370104891e6,1.7971204457155615e6,1.8192838900924732e6,1.6133764101978792e6,1.445441592560097e6,1.414962980649873e6,1.441900574779619e6
1.7316395124163723e6,1.501475207099277e6,1.7761271418462028e6,1.8224153847925141e6,1.8217500225736687e6,1.7962894439087815e6,1.5915371713010229e6,1.754291185365271e6,1.4223250583866122e6,1.4326571523459356e6,1.3918726264877184e6,1.5126563329700031e6
1.8136284505393247e6,1.688858316351187e6,1.6955346585527267e6,1.7039032128599973e6,1.6905880239446396e6,1.8123226694980594e6,1.5443804275791163e6,1.4995608386628267e6,1.4466911114662697e6,1.4338337906616423e6,1.5041879687124817e6,1.5679492320502347e6
1.8076508755090924e6,1.820590570339805e6,1.8221938686409185e6,1.7920419776571076e6,1.3669124136096223e6,1.7384233761206386e6,1.5330591417251748e6,1.395122953316427e6,1.4212933822509598e6,1.4278031112646684e6,1.7437287466288083e6,1.6045112920409092e6
1.653307808971967e6,1.6659241521451995e6,1.774520979576044e6,1.8214469049525927e6,1.3550367841774893e6,1.5120542030619576e6,1.4353475958327493e6,1.421782095938159e6,1.4697700062906768e6,1.5822470843569457e6,1.8210737502005466e6,1.7793354510197274e6
1.8223102410592763e6,1.7889675184546348e6,1.6447617129121646e6,1.6002864750684432e6,1.469157327944528e6,1.444340022577226e6,1.3805735841345447e6,1.48455691892138e6,1.7328413018311139e6,1.5986768871907245e6,1.7977428284274356e6,1.8221065900915342e6
1.8087501896600127e6,1.8171904642210237e6,1.5703502998156706e6,1.3598198857094557e6,1.4660473790567764e6,1.456936549625871e6,1.4339615820302179e6,1.6034649633252001e6,1.8183011764685991e6,1.8044155848884273e6,1.6234999053708948e6,1.6226547765218725e6
1.7064311788810617e6,1.8226020351340873e6,1.8226020351350373e6,1.8226020351350373e6,1.822602035134939e6,1.7521936388051547e6,1.4625188875075814e6,1.2829644305101119e6,1.3707055767434924e6,1.15149168094598e6,1.1768186845780206e6,1.2308504095829e6
1.7505881108398985e6,1.822602035134055e6,1.8226020351350373e6,1.8226020351350373e6,1.8226020351332866e6,1.6756235128581482e6,1.2635432949195355e6,1.2482801521876743e6,1.1377187641070948e6,1.3645001910737748e6,1.2820764386723624e6,1.4046584925280835e6
1.8226020351350373e6,1.8226020351350373e6,1.8226020351350373e6,1.8226020351350373e6,1.822602035113872e6,1.5589030293172144e6,1.4740658025311169e6,1.370646256774478e6,1.377778816216678e6,1.3040337775349598e6,1.2322391651973564e6,1.8215444694411624e6
1.8226020351350373e6,1.8226020351350373e6,1.8226020351350373e6,1.8226020351350373e6,1.8131595359166106e6,1.0761897671169005e6,1.403892441179988e6,1.3890212062365385e6,1.3865024165925574e6,1.5232626523550064e6,1.686075460866302e6,1.8226020351350366e6
1.8226020351350373e6,1.8226020351350373e6,1.8226020351350373e6,1.8198774218837628e6,1.2976887059833405e6,1.340664495330119e6,1.249860815114504e6,1.2610788514378043e6,1.4121657329962538e6,1.3827891852579054e6,1.8209122374502928e6,1.8226020351350373e6
1.8226020351350373e6,1.8226020351350373e6,1.8226020351350342e6,1.6260938654657167e6,1.5106219881097062e6,1.4005604246657873e6,1.367834380077963e6,1.3462294244182054e6,1.3033293279505237e6,1.820097030612064e6,1.8226020351350373e6,1.8226020351350373e6
1.8226020351350373e6,1.8226020351350373e6,1.8202659110193807e6,1.3062143057118086e6,1.3498441215758813e6,1.3790665125695383e6,1.391326593637827e6,1.5231705862072706e6,1.677496439795365e6,1.8226020351350366e6,1.8226020351350373e6,1.8226020351350373e6
1.8226020351350373e6,1.8207693130868278e6,1.4062922865788075e6,1.362390681142003e6,1.247839821761245e6,1.2362284860611681e6,1.4096250019706802e6,1.447990461835306e6,1.8204066649511545e6,1.8226020351350373e6,1.8226020351350373e6,1.8226020351350373e6
1.8226020351350366e6,1.6805187449237634e6,1.530887687215496e6,1.3564178465292833e6,1.3841789757699524e6,1.3528943030372174e6,1.3066815904980903e6,1.8211316400880578e6,1.8226020351350373e6,1.8226020351350373e6,1.8226020351350373e6,1.8226020351350373e6
1.8201012954200197e6,1.332132496481543e6,1.3605155139927454e6,1.3932636099281718e6,1.3827938516392575e6,1.5204578005604758e6,1.6789495978815812e6,1.822602035135036e6,1.8226020351350373e6,1.8226020351350373e6,1.8226020351350373e6,1.8226020351350373e6
1.4193259691624802e6,1.417934240027177e6,1.2323856206209804e6,1.1995582034520286e6,1.3960470406781754e6,1.3925881542699477e6,1.82036220036761e6,1.8226020351350373e6,1.8226020351350373e6,1.8226020351350373e6,1.8226020351350373e6,1.8192843101179395e6
1.5288647612373529e6,1.3881748525800842e6,1.400192292252958e6,1.3599477975254608e6,1.3243683375048456e6,1.819746139926277e6,1.8226020351350373e6,1.8226020351350373e6,1.8226020351350373e6,1.8226020351350373e6,1.822602035135036e6,1.6624812819731296e6
1.3526340853730827e6,1.3726488117324933e6,1.3706867137927578e6,1.5467315782072444e6,1.6388822453199404e6,1.822602035135036e6,1.8226020351350373e6,1.8226020351350373e6,1.8226020351350373e6,1.8226020351350373e6,1.8207009567651914e6,1.2870106432106278e6
1.2259923468968284e6,1.278233830068344e6,1.4082376975460255e6,1.401456092573132e6,1.8206895256004336e6,1.8226020351350373e6,1.8226020351350373e6,1.8226020351350373e6,1.8226020351350373e6,1.8212960198845863e6,1.4051305380677977e6,1.410911413780235e6
1.3867593089757029e6,1.3554390801364488e6,1.3059216961930257e6,1.8199319274473952e6,1.8226020351350373e6,1.8226020351350373e6,1.8226020351350373e6,1.8226020351350373e6,1.8226020351350366e6,1.6726127383292832e6,1.5253916942337684e6,1.395535594458391e6
1.4256925544121056e6,1.5208341506867202e6,1.6391813875808301e6,1.8226020351350354e6,1.8226020351350373e6,1.8226020351350373e6,1.8226020351350373e6,1.8226020351350373e6,1.8206881486447514e6,1.3150379478661194e6,1.3349971451190852e6,1.3660006872574291e6
1.312480642747287e6,1.3345405857644917e6,1.8187697585912494e6,1.8226020351350373e6,1.8226020351350373e6,1.8226020351350373e6,1.8226020351350373e6,1.8209375822405135e6,1.40753064010564e6,1.3830627920005983e6,1.2284611334318437e6,1.2501154126455444e6
1.0840211936235437e6,1.8155770089874882e6,1.8226020351350373e6,1.8226020351350373e6,1.8226020351350373e6,1.8226020351350373e6,1.8226020351350366e6,1.696753753017128e6,1.5070113014355171e6,1.3926074747479125e6,1.3875808757793845e6,1.3935531555985098e6
1.642510306002999e6,1.8226020351335907e6,1.8226020351350373e6,1.8226020351350373e6,1.8226020351350373e6,1.8226020351350373e6,1.8216280613503347e6,1.2529193228778408e6,1.29745263868419e6,1.3953921790821603e6,1.375468566294798e6,1.463132878595499e6
