# [ 10.  40.  70. 100. 130. 160. 190. 220. 250. 280. 310. 340.]
1.703666238805970177e+06 1.826981641791044734e+06 1.314300164179104147e+06 1.826105671641791007e+06 1.520600808955223532e+06 1.779526776119402843e+06 1.886473074626865564e+06 1.389647644776118919e+06 1.925200000000000000e+06 1.146699364179101773e+06 1.919889820895522367e+06 1.602788289552235277e+06
1.809603671641791239e+06 1.255179528358211042e+06 1.965646925373134203e+06 1.822031791044776095e+06 1.860124268656716449e+06 1.793958358208955033e+06 1.867404059701492544e+06 1.301796426865668735e+06 1.216539146268659737e+06 1.713019170149253681e+06 1.131209811940292362e+06 1.517402531343282433e+06
1.560636280597013189e+06 1.681408871641790727e+06 1.871255462686567102e+06 1.900656298507462721e+06 1.461856292537313886e+06 1.221517253731342265e+06 1.219746229850746924e+06 1.293122820895522134e+06 9.878361074626854388e+05 1.108210349253728986e+06 2.010348985074626748e+06 6.981000955223897472e+05
1.533832820895521669e+06 1.890845880597014911e+06 1.229597268656718312e+06 1.544926149253731361e+06 1.067412450746270828e+06 1.427597474626865005e+06 1.227138552238808479e+06 1.554294373134329682e+06 2.016772388059701538e+06 8.737176119403011398e+05 1.049625346268653637e+06 8.612866000000083586e+05
1.663811194029850652e+06 1.707705432835820829e+06 1.221571158208954381e+06 1.759127044776119525e+06 1.148189674626862630e+06 1.840836417910447810e+06 1.971725552238805918e+06 1.001592856716417824e+06 1.712049761194029823e+06 1.356720985074628843e+06 1.032630650746270665e+06 1.828736686567164259e+06
1.247023889552239329e+06 1.828516686567164259e+06 1.226172447761193616e+06 1.865649402985074557e+06 1.438035447761195479e+06 1.038421032835826278e+06 1.925254119402985089e+06 1.789677522388059646e+06 1.584480453731342684e+06 1.246037244776120875e+06 1.867858238805970177e+06 1.748287701492537279e+06
1.228375495522390818e+06 1.829475044776119292e+06 1.289412238805970643e+06 1.062930247761189705e+06 1.951606059701492544e+06 1.812121701492537279e+06 1.840256268656716449e+06 1.292071286567164119e+06 1.881584089552238816e+06 1.670739934328358388e+06 1.206766086567166029e+06 1.868325462686567102e+06
1.017407695522384369e+06 6.686486955223861150e+05 1.934031402985074790e+06 1.848832179104477633e+06 1.669699641791044734e+06 1.822271313432835741e+06 5.928622597014952917e+05 1.492804713432835415e+06 1.039744355223881430e+06 1.799639641791044734e+06 1.376370788059700513e+06 7.857972656716357451e+05
1.908977761194029823e+06 7.671812567164229695e+05 1.937002686567164026e+06 1.631594059701491846e+06 9.580971582089526346e+05 9.309658865671644453e+05 1.592359674626866123e+06 1.037895011940291850e+06 1.081102229850748787e+06 1.827486453731343616e+06 1.040406668656712282e+06 1.861246656716417987e+06
1.936644716417910531e+06 5.462274477611932671e+05 1.753287970149253728e+06 1.844739850746268872e+06 7.205957850746312179e+05 1.186424719402984949e+06 1.102175032835816732e+06 1.616028725373132853e+06 1.686613238805969479e+06 6.446111611940278672e+05 1.583391994029851165e+06 1.588160567164179171e+06
1.938289880597014911e+06 6.146299552238835022e+05 1.036410074626866379e+06 8.762832985074667959e+05 1.634389716417911928e+06 8.163983402985143475e+05 1.181913988059701165e+06 1.569386459701492451e+06 9.888883194029916776e+05 1.540249668656716123e+06 1.846426208955223905e+06 1.172214683582086582e+06
1.752992328358208761e+06 1.828843164179104380e+06 9.798443462686594576e+05 1.200742743283577496e+06 1.099161152238807175e+06 1.302947650746269152e+06 1.847733164179104613e+06 8.938208776119386312e+05 1.834872000000000000e+06 1.898191462686567102e+06 1.948181253731343197e+06 1.595407420895522228e+06
1.706797522388059646e+06 6.722344358208945487e+05 1.580485940298507456e+06 8.086295343283582479e+05 1.223619570149252657e+06 1.329840429850746877e+06 9.146265343283603434e+05 9.595238955223904923e+05 8.366024656716452446e+05 1.937992656716417987e+06 1.953141343283582013e+06 1.239470901492536766e+06
9.522615761194053339e+05 1.507729197014925769e+06 1.025872856716419337e+06 1.407237322388060624e+06 1.878342537313432898e+06 1.068107364179095021e+06 1.849948029850746272e+06 1.904369701492537279e+06 1.552658716417910531e+06 1.935626059701492544e+06 1.762548925373134436e+06 1.319918420895521995e+06
1.326376107462686487e+06 9.790722955223892350e+05 1.144416176119401585e+06 1.536711531343282899e+06 6.842677313432784285e+05 1.270239262686571805e+06 1.011323629850748461e+06 1.938483283582089702e+06 1.130433638805964729e+06 1.758133343283582013e+06 1.843418955223880708e+06 5.923751850746228592e+05
9.238010656716418453e+05 1.635413331343283178e+06 1.741775910447761184e+06 1.021270856716417591e+06 1.770434179104477633e+06 1.913912686567164259e+06 5.633608149253745796e+05 1.933801074626865797e+06 1.042474731343282154e+06 8.444897283582075033e+05 9.197346358208999736e+05 1.640263898507463280e+06
1.062322946268656291e+06 1.761833191044776700e+06 7.197543940298476955e+05 1.784388089552238816e+06 1.873518895522387931e+06 1.942075611940298695e+06 8.183516477611893788e+05 1.754084835820895387e+06 1.845522388059701538e+06 8.713845970149226487e+05 1.128227734328360297e+06 1.024396164179100422e+06
1.399601459701492218e+06 9.556902955223838799e+05 1.192862450746266870e+06 1.415145223880597390e+06 1.814116388059701305e+06 1.937326955223880475e+06 7.351553164179135347e+05 1.411273579104478937e+06 8.010822417910469230e+05 1.613362656716417754e+06 1.005874671641785535e+06 1.778864943283582339e+06
1.029347868656711886e+06 1.838886626865671482e+06 1.900498179104477633e+06 1.950146805970149115e+06 1.923821970149253728e+06 1.758199343283582013e+06 1.676966722388059599e+06 9.971777074626858812e+05 1.361555376119402936e+06 1.053012441791039426e+06 1.075933856716417708e+06 1.855521817910447717e+06
1.886409373134328518e+06 1.878206865671641659e+06 1.874058000000000000e+06 1.806810268656716449e+06 1.770845880597014911e+06 1.865340507462686626e+06 4.946890716417891090e+05 1.537215391044776421e+06 1.098708220895528095e+06 1.469263922388060018e+06 6.999876567164226435e+05 8.273353492537309648e+05
1.831929462686567102e+06 1.827795582089552190e+06 1.822145761194029823e+06 1.710410447761194082e+06 1.861255462686567102e+06 1.666598208955223905e+06 1.185355277611936908e+06 6.105502358208908699e+05 1.225351337313427124e+06 1.171717871641786303e+06 1.459266008955224184e+06 1.530525283582088770e+06
1.788270447761193849e+06 1.876734179104477633e+06 1.810395074626865564e+06 1.813808029850746272e+06 1.805429462686567102e+06 6.954960238806027919e+05 7.845258089552221354e+05 8.220879880597012816e+05 1.177665429850745713e+06 1.818294358208955033e+06 6.056950447761216201e+05 1.862907373134328285e+06
1.881687373134328285e+06 1.869085671641791239e+06 1.765055343283582013e+06 1.881006447761194082e+06 6.012478179104499286e+05 1.360120961194030242e+06 1.150369832835821901e+06 5.939010358209015103e+05 1.125836516417911742e+06 1.379743238805971574e+06 1.936997164179104380e+06 1.877221492537313374e+06
1.884896686567164026e+06 1.709647194029850652e+06 1.851134507462686626e+06 1.817059253731343197e+06 1.403785125373135321e+06 9.181484358209036291e+05 9.814373104477617890e+05 6.379520358209004626e+05 1.734247734328358434e+06 9.118492985074694734e+05 1.869061552238805918e+06 1.816598686567164026e+06
1.764475164179104380e+06 1.759859373134328285e+06 1.839991611940298462e+06 6.891551671641775174e+05 1.333555188059701119e+06 4.770777582089533680e+05 9.707780716417902149e+05 1.353531597014928237e+06 6.922636388059648452e+05 1.880186029850746272e+06 1.875926447761194082e+06 1.873844776119402843e+06
1.759672776119402843e+06 1.852128805970149115e+06 9.921121402985051973e+05 1.720984370149253402e+06 1.044662367164177820e+06 5.974642059701475082e+05 1.206391985074624652e+06 1.320278674626866123e+06 1.918035283582089469e+06 1.836888776119403075e+06 1.871591194029850885e+06 1.859977850746268639e+06
1.826820746268656570e+06 1.803606746268656803e+06 1.341765229850744829e+06 1.109935176119400188e+06 8.235721671641789144e+05 1.087414722388060298e+06 1.316044137313432992e+06 5.351082835820835317e+05 1.837647044776119292e+06 1.771943880597014911e+06 1.890268477611940354e+06 1.732400029850746272e+06
1.859234029850746272e+06 5.712085522388091777e+05 1.719193098507462768e+06 9.459056895522410050e+05 8.572825522388069658e+05 7.404937313432833180e+05 6.681588208955253940e+05 1.892543940298507456e+06 1.881610597014925443e+06 1.875419313432835974e+06 1.786200567164179171e+06 1.768721194029850652e+06
1.495842173134328332e+06 1.389031343283582013e+06 7.489823611940292176e+05 7.897552298507509986e+05 1.246510197014922276e+06 1.190192435820897575e+06 1.723383970149253728e+06 1.843284746268656803e+06 1.853122746268656803e+06 1.800849223880596925e+06 1.700376567164178938e+06 1.873668417910447810e+06
8.068616597014921717e+05 7.685276447761151940e+05 8.599739283582139760e+05 1.229635707462684251e+06 1.688914895522387931e+06 5.225522149253731477e+05 1.862338686567164026e+06 1.805011253731343197e+06 1.875098059701492544e+06 1.786469671641791239e+06 1.819691432835820829e+06 1.802143671641791007e+06
1.320256002985076047e+06 1.214746534328359645e+06 7.433665582089596428e+05 8.716285641791027738e+05 1.127228743283580989e+06 1.902315492537313607e+06 1.880558746268656803e+06 1.876008686567164259e+06 1.861984089552238816e+06 1.756270059701492544e+06 1.873854149253731361e+06 5.119934567164210603e+05
6.798524626865673345e+05 8.793016567164204316e+05 8.994848238806015579e+05 1.661900811940298649e+06 1.218300083582093008e+06 1.852970268656716449e+06 1.825453641791044734e+06 1.860949940298507456e+06 1.713031283582089702e+06 1.865661432835821062e+06 1.789223611940298462e+06 1.246866056716418127e+06
4.671544716417936143e+05 9.332345492537276587e+05 1.730836402985075023e+06 6.924750447761171963e+05 1.854988089552238816e+06 1.848974955223880708e+06 1.892721432835820829e+06 1.767666298507462721e+06 1.789812537313432898e+06 1.817741074626865564e+06 6.721060626865739468e+05 1.012880925373132573e+06
5.945910985074642813e+05 1.262211901492539328e+06 1.484436755223879591e+06 1.899023761194029823e+06 1.837529582089552190e+06 1.866775402985074557e+06 1.854096716417910531e+06 1.773608626865671482e+06 1.869278358208955266e+06 7.683052895522330655e+05 1.573833471641791053e+06 1.088005952238807455e+06
6.396661820895528654e+05 1.503996125373134390e+06 6.587682328358178493e+05 1.854122059701492544e+06 1.802300149253731361e+06 1.874008388059701538e+06 1.712590537313432898e+06 1.853151880597014911e+06 1.776584059701492544e+06 1.515782465671642218e+06 1.112098498507461511e+06 1.022262405970149091e+06
9.732067194029911188e+05 6.548611701492536813e+05 1.914902000000000000e+06 1.874793611940298462e+06 1.898766895522387931e+06 1.765376179104477633e+06 1.768851641791044734e+06 1.852014507462686626e+06 6.694080059701515129e+05 1.588317895522387931e+06 1.038908958208958386e+06 1.195860191044777632e+06
1.157108325373132015e+06 1.872100686567164026e+06 1.825568417910447810e+06 1.883197432835820829e+06 1.824096985074626980e+06 1.742968000000000000e+06 1.851178597014925443e+06 1.229266770149251213e+06 1.646470662686566589e+06 9.195803611940288683e+05 1.174748644776120316e+06 1.154170035820899531e+06
5.008359402985059423e+05 1.835751343283582246e+06 1.774538059701492544e+06 1.877482029850746272e+06 1.748491283582089702e+06 1.819180447761194082e+06 1.824179492537313607e+06 1.040460567164180917e+06 9.186135014925355790e+05 1.426208808955222135e+06 1.153380662686571246e+06 1.418375582089552190e+06
