# [ 10.  40.  70. 100. 130. 160. 190. 220. 250. 280. 310. 340.]
1.972042253731343197e+06 1.750816880597014911e+06 1.754715761194029823e+06 1.666840402985074557e+06 1.726503597014925443e+06 1.309317795522388304e+06 1.781159164179104380e+06 1.583889185074626701e+06 1.725105358208955266e+06 1.701091408955223858e+06 1.779191014925373020e+06 1.716039791044776095e+06
1.624702591044776607e+06 1.752448689552238910e+06 1.997447432835820829e+06 1.948055880597014911e+06 1.876452865671641892e+06 1.836415343283582246e+06 1.810164746268656803e+06 1.827485686567164026e+06 1.200135485074626049e+06 1.430189188059702050e+06 1.506197482089551864e+06 1.699837694029849023e+06
1.928058164179104613e+06 1.479922089552238351e+06 1.883965850746268639e+06 1.679856149253731361e+06 1.796751805970149348e+06 1.808545208955223905e+06 1.252392237313442864e+06 1.697031997014925350e+06 1.089424589552238584e+06 1.946735283582089469e+06 1.820040134328358108e+06 1.994967149253731361e+06
1.860444835820895620e+06 1.854768402985074557e+06 1.448833397014922695e+06 1.896118552238805918e+06 9.232037776119406335e+05 1.476075950746268034e+06 1.674836698507462628e+06 1.571160535820894875e+06 1.987023044776119292e+06 1.720389507462686626e+06 1.939921104477611836e+06 1.954740746268656803e+06
1.246775049253738020e+06 1.528754361194029450e+06 1.637442468656716635e+06 1.269330356716419570e+06 1.491542179104477633e+06 1.525535628358209971e+06 1.585756726865671808e+06 1.945552179104477633e+06 1.983488925373134436e+06 1.962852537313432666e+06 1.886691820895522367e+06 1.868093134328358341e+06
1.903823880597014911e+06 1.140736107462683227e+06 1.327646988059703261e+06 1.554313761194029823e+06 1.920582940298507456e+06 1.864713611940298462e+06 1.962943462686567334e+06 1.952836432835820829e+06 1.966996343283582013e+06 1.848578328358208761e+06 1.756495626865671715e+06 1.833139462686567102e+06
1.762247313432835974e+06 1.664385138805970782e+06 1.573828140298510203e+06 1.725570522388059879e+06 2.016626507462686393e+06 1.986075716417910298e+06 1.977694029850746272e+06 1.857263179104477633e+06 1.806992955223880708e+06 1.591853353731343988e+06 1.003527547761194874e+06 9.687545343283530092e+05
1.328498589552237885e+06 1.188161973134330241e+06 9.760825850746217184e+05 1.187423232835822972e+06 1.330752041791043244e+06 1.838934432835820829e+06 1.506065641791046364e+06 1.928694850746268639e+06 1.935164492537313374e+06 1.893687641791044734e+06 1.752248716417910298e+06 1.656065313432835974e+06
1.448570826865671901e+06 1.682565305970148882e+06 1.180250534328354290e+06 1.139766083582089283e+06 1.828542534328358248e+06 1.832415029850746272e+06 1.860243910447761184e+06 1.709538119402985089e+06 1.590172895522387931e+06 1.798359402985074557e+06 1.887561477611940354e+06 1.417275649253731361e+06
9.509057134328362299e+05 1.365055861194030149e+06 1.275573923880596878e+06 1.779905000000000000e+06 1.661546746268656803e+06 1.942127671641791007e+06 1.946421940298507456e+06 1.880628731343283551e+06 1.766111194029850885e+06 1.706045970149253728e+06 1.652552417910447810e+06 1.577463332835820736e+06
1.148645795522384113e+06 1.078160794029851677e+06 1.584616220895523671e+06 1.929686014925373252e+06 1.871374000000000000e+06 1.521857880597014911e+06 1.441517182089551352e+06 1.834807134328358108e+06 1.846199238805970177e+06 1.708767268656716449e+06 1.137639065671643009e+06 1.242542846268656198e+06
1.480388283582090400e+06 1.654339400000000140e+06 1.820169970149253728e+06 1.869644507462686626e+06 1.920185522388059879e+06 1.915656492537313374e+06 1.746904567164179171e+06 1.621981522388059646e+06 1.660428686567164259e+06 1.310661404477611883e+06 1.378324095522390213e+06 1.256205086567166494e+06
1.821629701492537279e+06 1.932845373134328285e+06 1.892803940298507456e+06 1.931535149253731361e+06 1.461018777611940634e+06 1.622426955223880708e+06 1.895165940298507456e+06 1.406370510447761277e+06 1.167894055223878706e+06 1.164260488059701631e+06 1.379781792537314119e+06 1.329903805970149813e+06
1.782174835820895620e+06 1.897019865671641892e+06 1.946876417910447810e+06 1.925703895522388164e+06 1.751576179104477633e+06 1.501183023880596738e+06 1.813399044776119292e+06 1.227416685074624373e+06 1.144998959701491520e+06 1.097093210447767982e+06 1.164162420895524556e+06 1.540603001492536627e+06
1.693293298507462721e+06 1.989450104477611836e+06 1.953431656716417754e+06 1.708352925373134436e+06 1.794104731343283784e+06 1.622583398507463047e+06 1.293012531343283830e+06 1.193973692537315190e+06 1.247375426865670597e+06 1.367451429850747809e+06 1.624205759701492731e+06 1.882346358208955266e+06
1.937810104477612069e+06 1.510119358208954800e+06 1.711861208955223905e+06 1.851076537313432898e+06 1.505945795522387838e+06 7.858130238805956906e+05 1.164886391044777818e+06 1.264280774626863422e+06 1.220614844776120037e+06 1.245726325373134576e+06 1.915701597014925443e+06 1.822103253731343430e+06
1.857104955223880475e+06 1.753160910447761184e+06 1.796117462686567334e+06 1.686682029850746272e+06 9.191938880597024690e+05 1.222856320895522600e+06 1.283298828358208993e+06 1.291567497014924185e+06 1.458092222388060531e+06 1.694666194029850652e+06 1.925836044776119525e+06 1.936401970149253728e+06
1.639001134328358108e+06 1.826958686567164259e+06 1.848748298507462721e+06 1.176001776119404705e+06 1.498760319402984809e+06 1.144471898507465841e+06 1.427548610447762068e+06 1.773531253731343197e+06 1.868527014925373020e+06 1.878664955223880475e+06 1.847185014925373020e+06 1.724391283582089469e+06
1.877692044776119525e+06 1.384427537313430570e+06 9.988621567164175212e+05 1.346824653731345432e+06 1.153031204477613559e+06 1.418307117910447065e+06 1.894118895522388164e+06 1.963118432835820829e+06 1.908486582089552190e+06 1.527781462686567334e+06 1.533061865671641659e+06 1.705868074626865564e+06
1.164764620895514730e+06 1.257252510447756620e+06 1.909380134328358341e+06 1.825027462686567102e+06 1.854483835820895620e+06 1.819076656716417754e+06 1.741766880597014911e+06 1.888214417910447810e+06 1.402165834328358294e+06 1.645820185074626934e+06 1.097746565671634395e+06 1.005082776119406102e+06
1.054374862686565379e+06 1.896255910447761184e+06 1.863480507462686626e+06 1.824829194029850652e+06 1.883051119402985089e+06 1.671561149253731361e+06 1.821950462686567102e+06 1.768872477611940121e+06 1.169850005970150232e+06 1.053560514925369062e+06 1.271463453731342917e+06 1.491604825373134110e+06
9.734336567164163571e+05 1.857882641791044734e+06 1.891705238805970177e+06 1.883792402985074557e+06 1.842560746268656570e+06 1.759337597014925443e+06 1.695229656716417754e+06 1.579824722388059366e+06 1.531002255223881686e+06 1.421917104477612302e+06 1.033579765671643545e+06 9.680091820895479759e+05
1.829270402985074790e+06 1.876970208955223905e+06 1.862616597014925443e+06 1.822329597014925443e+06 1.713918820895522367e+06 1.866820925373134203e+06 1.839042492537313374e+06 1.609552564179105218e+06 9.910196283582019387e+05 1.081465774626871804e+06 1.227488719402979594e+06 1.404954225373134017e+06
1.885751522388059879e+06 1.803388164179104380e+06 1.888300701492537279e+06 1.707228343283582013e+06 1.803764014925373252e+06 1.746703477611940354e+06 9.670961582089577569e+05 9.888088656716455007e+05 1.323897485074625351e+06 1.397027932835818967e+06 1.153234741791044129e+06 3.661282343283598311e+05
1.833817701492537279e+06 1.868141000000000000e+06 1.855556895522387931e+06 1.757864507462686626e+06 1.893734253731343197e+06 3.739166044776137569e+05 9.209433582089515403e+05 1.243951519402988022e+06 1.421984252238804940e+06 1.188114462686567102e+06 1.330369498507463140e+06 1.707140626865671715e+06
1.772699865671641892e+06 1.863494567164179171e+06 1.729749731343283551e+06 1.805126194029850652e+06 1.782752358208955266e+06 1.395187267164179124e+06 1.369481283582089236e+06 1.341440526865671622e+06 1.279746117910447065e+06 1.536342777611939702e+06 1.565077346268656896e+06 1.870369985074626748e+06
1.849671507462686626e+06 1.834649388059701538e+06 1.727938014925373252e+06 1.618662376119403169e+06 1.433015688059701119e+06 1.823327223880597157e+06 1.110546450746267103e+06 1.092300986567157554e+06 1.000944743283585878e+06 1.763769889552239096e+06 1.859994029850746272e+06 1.842505910447761184e+06
1.833731791044776095e+06 1.718792895522388164e+06 1.846992402985074790e+06 1.808954417910447810e+06 9.783408626865640981e+05 1.387611832835822366e+06 1.407940211940299254e+06 1.263768273134330055e+06 1.127299341791044222e+06 1.891629611940298462e+06 1.872225537313432898e+06 1.873053343283582013e+06
1.707772611940298462e+06 1.832703761194029823e+06 1.795218194029850885e+06 1.698968434328357922e+06 1.483993394029850839e+06 1.235670041791043011e+06 9.101164149253729265e+05 1.041968244776115869e+06 1.832055835820895387e+06 1.878568238805970177e+06 1.771661059701492544e+06 1.886052746268656570e+06
1.782601582089552190e+06 1.874563089552238816e+06 1.457948477611939190e+06 1.014745304477611207e+06 1.610195526865670457e+06 1.076574564179097768e+06 1.057692073134329868e+06 9.817748776119332761e+05 1.887296611940298695e+06 1.851421507462686626e+06 1.878284089552238816e+06 1.812572388059701538e+06
1.860256029850746272e+06 1.810942791044776095e+06 1.544988631343284156e+06 9.363748985074601369e+05 1.359576267164176097e+06 1.179898553731346037e+06 1.324099397014923394e+06 1.641615940298507456e+06 1.850832104477611836e+06 1.910803731343283551e+06 1.826477835820895620e+06 1.720767925373134436e+06
1.870145537313432898e+06 1.179218998507465702e+06 1.349735876119398512e+06 1.173672889552238397e+06 9.785340701492581284e+05 1.402988846268654801e+06 1.292931092537312303e+06 1.897592373134328518e+06 1.786649850746268639e+06 1.841021462686567334e+06 1.781985432835820829e+06 1.786171955223880475e+06
1.506223297014925396e+06 1.036965083582094172e+06 9.491068358208945720e+05 1.342110131343281362e+06 1.041792838805970852e+06 1.413663058208955685e+06 1.913279313432835741e+06 1.793977641791044734e+06 1.878656865671641659e+06 1.833170835820895387e+06 1.751900313432835974e+06 1.877750686567164259e+06
9.383558388059693389e+05 1.315050002985074185e+06 1.180250165671645431e+06 1.215279986567165703e+06 1.588399823880597716e+06 1.594263408955223626e+06 1.828243298507462721e+06 1.801121985074626748e+06 1.886041268656716449e+06 1.708508104477612069e+06 1.852567805970149348e+06 1.818078059701492544e+06
1.249779635820899392e+06 1.418235973134329310e+06 9.088237313432856463e+05 1.624698082089553587e+06 1.427892314925373066e+06 1.882459223880596925e+06 1.833501731343283551e+06 1.846955820895522600e+06 1.731352522388059646e+06 1.767312522388059646e+06 1.846602029850746272e+06 1.358065722388059366e+06
9.162182194029877428e+05 1.338711346268656431e+06 1.250324322388059460e+06 1.029520276119399816e+06 1.885137791044776095e+06 1.832669731343283551e+06 1.869874373134328285e+06 1.865772820895522600e+06 1.751995731343283551e+06 1.889066402985074557e+06 1.434467998507463140e+06 1.616604577611940214e+06
1.352016808955223067e+06 1.088064517910449998e+06 1.465671652238806011e+06 1.646439194029850885e+06 1.853052119402985089e+06 1.829884447761194082e+06 1.848776552238806151e+06 1.697687626865671715e+06 1.848953179104477633e+06 1.795474805970149115e+06 1.345472749253730988e+06 1.116175161194034619e+06
9.894055552238811506e+05 1.281641305970149580e+06 1.294995080597016029e+06 1.902956402985074557e+06 1.830407970149253728e+06 1.855792985074626748e+06 1.741546164179104380e+06 1.747174179104477633e+06 1.851159641791044734e+06 1.132148240298506105e+06 1.509468728358209366e+06 9.849615880597042851e+05
